0.0000000000000000000
0.0000000000000000000
0.0000000000000000000
0.0000000000000000000
0.0000000000000000000
0.0000000000000000000
0.0000000000000000000
0.0000000000000000000
0.0000000000000000000
0.0000000000000000000
0.0000000000000000000
0.0000000000000000000
0.0000000000000000000
0.0000000000000000000
0.0000000000000000000
0.0000000000000000000
0.0000000000000000000
0.0000000000000000000
0.0000000000000000000
0.0000000000000000000
0.0000000000000000000
0.0000000000000000000
0.0000000000000000000
0.0000000000000000000
0.0000000000000000000
0.0000000000000000000
0.0000000000000000000
0.0000000000000000000
0.0000000000000000000
0.0000000000000000000
0.0000000000000000000
0.0000000000000000000
0.0000892857142857143
0.0000892857142857143
0.0000892857142857143
0.0001364603819995820
0.0001961449549189580
0.0002647057782447800
0.0003418233673355940
0.0004271659888006820
0.0005203562032126280
0.0006209503265995920
0.0007284259179606870
0.0008421751920953960
0.0009615033891985480
0.0010856315849167000
0.0012137035610873600
0.0013447963354633900
0.0014779338484330400
0.0016121031746031700
0.0017462725007733100
0.0018794100137429600
0.0020105027881189900
0.0021385747642896500
0.0022627029600078000
0.0023820311571109500
0.0024957804312456600
0.0026032560226067600
0.0027038501459937200
0.0027970403604056700
0.0028823829818707600
0.0029595005709615700
0.0030280613942873900
0.0030877459672067700
0.0031381882263283200
0.0031788542664758100
0.0032087100352720600
0.0032242063492063500
0.0032087100352720600
0.0031788542664758100
0.0031381882263283200
0.0030877459672067700
0.0030280613942873900
0.0029595005709615700
0.0028823829818707600
0.0027970403604056700
0.0027038501459937200
0.0026032560226067600
0.0024957804312456600
0.0023820311571109500
0.0022627029600078000
0.0021385747642896500
0.0020105027881189900
0.0018794100137429600
0.0017462725007733100
0.0016121031746031700
0.0014779338484330400
0.0013447963354633900
0.0012137035610873600
0.0010856315849167000
0.0009615033891985480
0.0008421751920953960
0.0007284259179606870
0.0006209503265995920
0.0005203562032126280
0.0004271659888006820
0.0003418233673355940
0.0002647057782447800
0.0001961449549189580
0.0001364603819995820
0.0000892857142857143
0.0000892857142857143
0.0000892857142857143
0.0000892857142857143
0.0000892857142857143
0.0000892857142857143
0.0000892857142857143
0.0000892857142857143
0.0000892857142857143
0.0000892857142857143
0.0000892857142857143
0.0000892857142857143
0.0000892857142857143
0.0000892857142857143
0.0000892857142857143
0.0000892857142857143
0.0000892857142857143
0.0000892857142857143
0.0000892857142857143
0.0000892857142857143
0.0000892857142857143
0.0000892857142857143
0.0000892857142857143
0.0000892857142857143
0.0000892857142857143
0.0000892857142857143
0.0000892857142857143
0.0000892857142857143
0.0000892857142857143
0.0000892857142857143
0.0000892857142857143
0.0000892857142857143
0.0000892857142857143
0.0000892857142857143
0.0000892857142857143
0.0000892857142857143
0.0000892857142857143
0.0000892857142857143
0.0000892857142857143
0.0000892857142857143
0.0000892857142857143
0.0000892857142857143
0.0000892857142857143
0.0000892857142857143
0.0000892857142857143
0.0000892857142857143
0.0000892857142857143
0.0000892857142857143
0.0000892857142857143
0.0000892857142857143
0.0000892857142857143
0.0000892857142857143
0.0000892857142857143
0.0000892857142857143
0.0000892857142857143
0.0000892857142857143
0.0000892857142857143
0.0000892857142857143
0.0000980724774594792
0.0001323528891223900
0.0001709116836677970
0.0002135829944003410
0.0002601781016063140
0.0003104751632997960
0.0003642129589803430
0.0004210875960476980
0.0004807516945992740
0.0005428157924583490
0.0006068517805436810
0.0006723981677316930
0.0007389669242165190
0.0008060515873015870
0.0008731362503866560
0.0009397050068714820
0.0010052513940594900
0.0010692873821448300
0.0011313514800039000
0.0011910155785554800
0.0012478902156228300
0.0013016280113033800
0.0013519250729968600
0.0013985201802028300
0.0014411914909353800
0.0014797502854807800
0.0015140306971437000
0.0015438729836033800
0.0015690941131641600
0.0015894271332379100
0.0016043550176360300
0.0016121031746031700
0.0016043550176360300
0.0015894271332379100
0.0015690941131641600
0.0015438729836033800
0.0015140306971437000
0.0014797502854807800
0.0014411914909353800
0.0013985201802028300
0.0013519250729968600
0.0013016280113033800
0.0012478902156228300
0.0011910155785554800
0.0011313514800039000
0.0010692873821448300
0.0010052513940594900
0.0009397050068714820
0.0008731362503866560
0.0008060515873015870
0.0007389669242165190
0.0006723981677316930
0.0006068517805436810
0.0005428157924583490
0.0004807516945992740
0.0004210875960476980
0.0003642129589803430
0.0003104751632997960
0.0002601781016063140
0.0002135829944003410
0.0001709116836677970
0.0001323528891223900
0.0000980724774594792
0.0000892857142857143
0.0000892857142857143
0.0000892857142857143
0.0000892857142857143
0.0000892857142857143
0.0000892857142857143
0.0000892857142857143
0.0000892857142857143
0.0000892857142857143
0.0000892857142857143
0.0000892857142857143
0.0000892857142857143
0.0000892857142857143
0.0000892857142857143
0.0000892857142857143
0.0000892857142857143
0.0000892857142857143
0.0000892857142857143
0.0000892857142857143
0.0000892857142857143
0.0000892857142857143
0.0000892857142857143
0.0000892857142857143
0.0000892857142857143
0.0000892857142857143
0.0000892857142857143
0.0000892857142857143
0.0000892857142857143
0.0000892857142857143
0.0000892857142857143
0.0000892857142857143
0.0000892857142857143
0.0000892857142857143
0.0000892857142857143
0.0000892857142857143
0.0000892857142857143
0.0000892857142857143
0.0000892857142857143
0.0000892857142857143
0.0000892857142857143
0.0000892857142857143
0.0000892857142857143
0.0000892857142857143
0.0000892857142857143
0.0000892857142857143
0.0000892857142857143
0.0000892857142857143
0.0000892857142857143
0.0000892857142857143
0.0000892857142857143
0.0000892857142857143
0.0000892857142857143
0.0000892857142857143
0.0000892857142857143
0.0000892857142857143
0.0000892857142857143
0.0000892857142857143
0.0000892857142857143
0.0000892857142857143
0.0000892857142857143
0.0000892857142857143
0.0000892857142857143
0.0000892857142857143
0.0000892857142857143
0.0000892857142857143
0.0000892857142857143
0.0000892857142857143
0.0000892857142857143
0.0000892857142857143
0.0000892857142857143
0.0000892857142857143
0.0000892857142857143
0.0000892857142857143
0.0000892857142857143
0.0000892857142857143
0.0000892857142857143
0.0000892857142857143
0.0000892857142857143
0.0000892857142857143
0.0000892857142857143
0.0000892857142857143
0.0000892857142857143
0.0000892857142857143
0.0000892857142857143
0.0000892857142857143
0.0000892857142857143
0.0000892857142857143
0.0000892857142857143
0.0000892857142857143
0.0000892857142857143
0.0000892857142857143
0.0000892857142857143
0.0000892857142857143
0.0000892857142857143
0.0000892857142857143
0.0000892857142857143
0.0000892857142857143
0.0000892857142857143
0.0000892857142857143
0.0000892857142857143
0.0000892857142857143
0.0000892857142857143
0.0000892857142857143
0.0000892857142857143
0.0000892857142857143
0.0000892857142857143
0.0000892857142857143
0.0000892857142857143
0.0000892857142857143
0.0000892857142857143
0.0000892857142857143
0.0000892857142857143
0.0000892857142857143
0.0000892857142857143
0.0000892857142857143
0.0000892857142857143
0.0000892857142857143
